# Number of x values
11
# Number of y values
11
# x values
-0.5
-0.4
-0.3
-0.2
-0.1
0.0
0.1
0.2
0.3
0.4
0.5
# y values
-0.5
-0.4
-0.3
-0.2
-0.1
0.0
0.1
0.2
0.3
0.4
0.5
# z values
0.09352792247193449
0.0931936771165715
0.09286018768622038
0.09252745203265994
0.09219546800767504
0.09186423346303893
0.09153374625051887
0.09120400422187808
0.09087500522887079
0.09054674712324207
0.09021922775673392
0.09318661026014474
0.09289075486967177
0.09259565546807605
0.09230130990700322
0.09200771603809249
0.09171487171297227
0.09142277478327139
0.09113142310059914
0.09084081451656889
0.0905509468827848
0.09026181805084174
0.09284454639395438
0.09258708239421806
0.09233037444724279
0.09207442040452277
0.09181921811756019
0.09156476543783884
0.09131106021683415
0.09105810030602168
0.09080588355686717
0.09055440782082855
0.09030367094935815
0.09250173081660445
0.09228265963357027
0.09206434456718589
0.09184678346879915
0.09162997418976421
0.09141391458142245
0.09119860249511191
0.09098403578215636
0.09077021229388066
0.0905571298815969
0.09034478639661438
0.09215816347134764
0.0919774865310881
0.09179756577136912
0.09161839904339633
0.09143998419837962
0.09126231908751545
0.09108540156199842
0.09090922947300584
0.09073380067172089
0.09055911300931038
0.09038516433693983
0.09181384430142335
0.0916715630301151
0.09153003800324638
0.09138926707188416
0.09124924808708032
0.09110997889989939
0.09097145736138194
0.09083368132256894
0.09069664863449506
0.09056035714818386
0.09042480471465597
0.09146877325006879
0.0913648890740058
0.09126176120628166
0.0911593874978187
0.09105776579954102
0.09095689396235063
0.09085676983715212
0.09075739127484114
0.09065875612630508
0.09056086224242732
0.09046370747408114
0.09112295026051077
0.09105746460608852
0.09099273532391057
0.09092876026476934
0.09086553727942447
0.09080306421864554
0.09074133893318985
0.09068035927380877
0.09062012309124906
0.09056062823624586
0.0905018725595307
0.09077637527598732
0.09074928956970606
0.09072296029959381
0.09069738531627301
0.09067256247038749
0.0906484896125459
0.09062516459336825
0.0906025852634578
0.09058074947341724
0.09055965507383976
0.09053929991531072
0.0904290482397127
0.09044036390818873
0.09045243607675066
0.0904652625958874
0.09047884131608336
0.09049317008781817
0.09050824676155744
0.09052406918776554
0.09054063521689835
0.0905579426994045
0.09057598948572604
0.0900809690949069
0.09013068756486199
0.09018116259882539
0.09023239204714874
0.09028437376016796
0.09033710558822043
0.09039058538162718
0.0904448109907075
0.09049978026577485
0.09055549105713048
0.09061194121507436
