# Number of x values
50
# x values
-500.0
-480.0
-460.0
-440.0
-420.0
-400.0
-380.0
-360.0
-340.0
-320.0
-300.0
-280.0
-260.0
-240.0
-220.0
-200.0
-180.0
-160.0
-140.0
-120.0
-100.0
-80.0
-60.0
-40.0
-20.0
0.0
20.0
40.0
60.0
80.0
100.0
120.0
140.0
160.0
180.0
200.0
220.0
240.0
260.0
280.0
300.0
320.0
340.0
360.0
380.0
400.0
420.0
440.0
460.0
480.0
# y values
49.91572
49.75929
49.34744
48.69166
48.55896
45.87518
39.96615
37.0
37.0
37.0
37.0
37.0
37.0
37.0
37.0
37.0
37.0
37.0
37.0
37.0
37.0
37.0
37.0
37.0
37.0
40.2364
44.15427
46.21024
48.39306
48.85421
49.84524
50.01426
50.0976
50.14473
50.53973
50.4864
50.32386
49.66691
48.76173
48.12284
47.40663
47.17488
46.97772
47.61122
48.0
48.44738
48.85844
48.22165
47.73538
47.20852
