# Number of x values
50
# x values
-500.0
-480.0
-460.0
-440.0
-420.0
-400.0
-380.0
-360.0
-340.0
-320.0
-300.0
-280.0
-260.0
-240.0
-220.0
-200.0
-180.0
-160.0
-140.0
-120.0
-100.0
-80.0
-60.0
-40.0
-20.0
0.0
20.0
40.0
60.0
80.0
100.0
120.0
140.0
160.0
180.0
200.0
220.0
240.0
260.0
280.0
300.0
320.0
340.0
360.0
380.0
400.0
420.0
440.0
460.0
480.0
# y values
40.59964
46.39868
45.13379
45.4364
47.26054
49.05827
50.35374
50.93025
50.23092
48.97804
47.09338
45.34876
44.47168
46.46178
48.83701
51.20896
52.48413
53.04966
53.05905
53.08731
52.78747
52.16867
51.65695
51.4007
51.45722
51.9324
52.43557
52.90215
53.0
52.84839
52.20134
52.0
52.13496
53.09715
52.73746
51.47161
50.20576
49.92409
50.59941
51.4909
52.26923
52.91628
53.97873
54.81494
54.97062
54.58521
53.97534
53.22581
52.06718
50.65703
