# Number of x values
50
# x values
-500.0
-480.0
-460.0
-440.0
-420.0
-400.0
-380.0
-360.0
-340.0
-320.0
-300.0
-280.0
-260.0
-240.0
-220.0
-200.0
-180.0
-160.0
-140.0
-120.0
-100.0
-80.0
-60.0
-40.0
-20.0
0.0
20.0
40.0
60.0
80.0
100.0
120.0
140.0
160.0
180.0
200.0
220.0
240.0
260.0
280.0
300.0
320.0
340.0
360.0
380.0
400.0
420.0
440.0
460.0
480.0
# y values
55.74089
56.25567
55.11594
53.48553
51.32885
48.83724
46.06153
43.02428
39.98704
38.02093
37.3519
37.0
37.0
37.0
37.0
37.0
37.0
37.0
37.0
37.0
37.0
37.0
37.0
37.0
37.0
37.0
37.0
37.0
37.0
40.70821
45.52354
45.72845
45.92946
46.04174
47.05897
47.94263
48.4566
47.26228
45.64312
45.41993
44.40544
43.58673
43.06502
43.1346
43.07611
44.17167
45.56369
46.38223
47.0
47.26985
