# Number of x values
50
# x values
357000.0
357020.0
357040.0
357060.0
357080.0
357100.0
357120.0
357140.0
357160.0
357180.0
357200.0
357220.0
357240.0
357260.0
357280.0
357300.0
357320.0
357340.0
357360.0
357380.0
357400.0
357420.0
357440.0
357460.0
357480.0
357500.0
357520.0
357540.0
357560.0
357580.0
357600.0
357620.0
357640.0
357660.0
357680.0
357700.0
357720.0
357740.0
357760.0
357780.0
357800.0
357820.0
357840.0
357860.0
357880.0
357900.0
357920.0
357940.0
357960.0
357980.0
# y values
47.21
47.16
46.38
46.81
46.84
46.77
46.41
46.26
46.71
46.56
46.11
46.2
46.35
46.32
46.25
46.14
46.36
46.12
46.01
46.12
46.41
46.42
46.75
46.87
47.13
47.91
47.96
48.32
47.82
47.1
46.53
46.43
46.27
46.42
46.02
45.35
45.22
41.93
41.25
39.1
39.14
39.11
39.12
39.13
39.14
39.1
39.09
39.09
39.11
39.07
