# Number of x values
50
# Number of y values
50
# x values
357000.0
357020.0
357040.0
357060.0
357080.0
357100.0
357120.0
357140.0
357160.0
357180.0
357200.0
357220.0
357240.0
357260.0
357280.0
357300.0
357320.0
357340.0
357360.0
357380.0
357400.0
357420.0
357440.0
357460.0
357480.0
357500.0
357520.0
357540.0
357560.0
357580.0
357600.0
357620.0
357640.0
357660.0
357680.0
357700.0
357720.0
357740.0
357760.0
357780.0
357800.0
357820.0
357840.0
357860.0
357880.0
357900.0
357920.0
357940.0
357960.0
357980.0
# y values
5.646999e6
5.646979e6
5.646959e6
5.646939e6
5.646919e6
5.646899e6
5.646879e6
5.646859e6
5.646839e6
5.646819e6
5.646799e6
5.646779e6
5.646759e6
5.646739e6
5.646719e6
5.646699e6
5.646679e6
5.646659e6
5.646639e6
5.646619e6
5.646599e6
5.646579e6
5.646559e6
5.646539e6
5.646519e6
5.646499e6
5.646479e6
5.646459e6
5.646439e6
5.646419e6
5.646399e6
5.646379e6
5.646359e6
5.646339e6
5.646319e6
5.646299e6
5.646279e6
5.646259e6
5.646239e6
5.646219e6
5.646199e6
5.646179e6
5.646159e6
5.646139e6
5.646119e6
5.646099e6
5.646079e6
5.646059e6
5.646039e6
5.646019e6
# z values
47.4
46.92
46.69
46.59
46.09
45.69
45.57
45.48
45.31
44.59
46.07
45.85
45.83
45.93
45.79
46.17
46.0
45.81
45.66
45.56
45.66
45.88
45.72
45.85
45.99
46.16
46.25
45.97
46.27
46.41
46.41
46.28
46.44
46.33
45.91
46.06
45.98
45.95
45.49
45.38
45.41
45.21
45.06
41.33
39.63
39.24
39.08
39.1
39.08
39.07
46.71
46.8
46.58
46.69
46.28
46.41
46.79
46.83
46.32
46.05
45.64
45.95
45.95
46.18
45.68
45.76
45.78
45.79
45.7
45.71
45.78
45.95
45.93
46.0
46.2
46.29
46.22
46.35
46.26
46.42
46.1
46.12
46.27
46.15
45.91
45.81
45.89
45.75
44.92
45.21
45.18
44.95
41.29
39.45
39.11
39.09
39.07
39.07
39.05
39.12
46.53
46.7
46.69
46.57
46.45
46.57
46.63
46.65
46.57
47.59
46.37
46.13
46.27
47.47
45.9
45.71
45.86
45.84
45.86
45.89
46.05
46.18
46.15
46.26
46.11
46.49
46.29
46.44
46.44
46.5
46.42
46.01
45.87
45.99
45.82
45.84
45.67
45.44
45.11
45.16
44.09
41.19
39.25
39.1
39.09
39.09
39.05
39.06
39.08
39.07
46.8
46.77
46.61
46.46
46.5
46.61
46.52
46.54
46.52
46.57
46.38
46.41
46.34
46.2
46.16
45.84
45.76
46.11
46.05
46.14
46.25
46.35
46.04
46.46
46.28
46.51
46.38
46.65
46.51
46.39
46.46
46.25
45.83
45.93
45.56
45.55
45.34
45.26
45.21
43.21
41.17
39.15
39.14
39.09
39.08
39.07
39.1
39.07
39.01
39.08
46.75
46.79
46.38
46.7
46.68
46.64
46.39
46.42
46.22
46.38
46.51
46.1
46.17
46.24
46.08
46.38
45.98
45.99
46.26
46.22
45.98
46.21
46.26
46.46
46.99
47.07
47.03
47.3
46.87
46.59
46.43
46.43
46.24
45.89
45.38
45.31
45.36
45.29
42.24
41.27
39.16
39.17
39.16
39.11
39.13
39.09
39.09
39.1
39.08
39.14
47.14
47.19
46.39
46.75
46.84
46.79
46.45
46.32
46.77
46.6
46.11
46.2
46.41
46.39
46.24
46.15
46.36
46.12
46.04
46.13
46.47
46.48
46.77
46.9
47.1
47.81
47.95
48.33
47.89
47.14
46.53
46.43
46.28
46.37
46.03
45.35
45.16
41.44
41.02
39.15
39.19
39.11
39.11
39.14
39.12
39.1
39.1
39.12
39.1
39.11
47.48
47.37
46.59
46.93
46.88
46.79
46.29
46.41
46.68
46.82
46.43
46.59
46.06
46.31
46.11
46.13
46.42
46.22
46.33
46.16
48.22
47.63
46.96
46.9
46.84
46.85
47.37
47.93
48.48
47.46
46.69
46.31
46.11
45.51
45.35
45.19
41.3
40.93
39.13
39.14
39.15
39.14
39.19
39.12
39.13
39.08
39.1
39.08
39.11
39.07
47.34
47.84
47.85
47.24
46.99
47.16
47.15
46.62
46.75
47.3
46.4
46.78
46.99
47.11
46.74
46.31
46.36
46.26
46.21
46.11
47.62
47.15
46.83
46.85
46.81
40.85
46.79
47.0
48.0
48.16
46.43
46.63
45.44
45.32
44.87
41.25
40.83
39.19
39.21
39.12
39.19
39.15
39.16
39.15
39.16
39.16
39.14
39.07
39.15
39.1
47.89
47.89
47.79
47.48
47.29
47.56
47.11
46.81
47.21
46.89
46.37
47.47
47.1
46.62
46.39
46.36
46.36
46.33
46.15
46.19
46.59
46.97
46.99
47.04
47.07
47.15
46.91
46.79
46.85
47.29
46.72
45.43
45.35
45.22
41.43
40.15
39.14
39.25
39.17
39.09
39.28
39.2
39.13
39.19
39.13
39.17
39.13
39.13
39.15
39.11
47.68
47.54
47.46
47.51
47.4
47.65
47.43
46.96
46.52
47.07
46.66
46.88
46.51
46.59
46.35
46.7
46.04
46.11
46.14
46.27
46.09
47.04
46.98
47.16
47.32
47.25
47.34
46.67
46.77
47.05
45.44
45.41
45.31
41.16
40.06
39.14
39.21
39.22
39.14
39.14
39.19
39.14
39.09
39.21
39.09
39.17
39.14
39.07
39.09
39.11
48.47
47.72
47.62
47.69
47.52
47.26
47.19
47.03
46.9
46.86
46.77
46.96
46.54
46.68
46.87
46.31
45.93
46.06
46.14
46.31
45.98
45.93
47.14
47.09
47.04
46.67
47.07
47.27
46.84
45.48
45.45
45.37
41.15
39.41
39.18
39.16
39.18
39.16
39.19
39.16
39.2
39.21
39.15
39.12
39.18
39.18
39.12
39.1
39.15
39.11
48.4
48.5
47.63
47.59
47.89
47.22
45.93
46.67
46.94
47.06
46.8
46.66
46.44
46.78
46.34
46.24
46.12
46.36
46.18
47.53
47.23
46.0
46.51
46.9
46.42
46.64
46.65
47.08
45.55
45.52
45.24
41.13
39.18
39.2
39.21
39.21
39.19
39.15
39.17
39.11
39.16
39.13
39.17
39.17
39.14
39.09
39.18
39.05
39.1
39.07
48.27
48.38
48.36
47.45
47.7
47.55
47.09
47.2
46.97
46.92
46.98
46.87
46.7
46.09
46.52
46.06
46.01
46.45
46.14
47.02
47.2
46.21
46.07
46.78
46.41
46.54
45.65
45.6
45.61
45.16
41.26
39.17
39.15
39.19
39.24
39.18
39.2
39.16
39.27
39.19
39.19
39.13
39.14
39.1
39.14
39.17
39.13
39.1
39.12
39.11
48.32
48.89
48.56
47.56
47.36
47.31
47.21
47.31
47.27
47.09
47.05
47.32
46.71
46.08
46.31
46.57
45.98
44.77
46.1
46.0
47.69
44.13
45.95
45.85
46.65
46.34
45.69
45.68
45.25
41.2
39.19
39.17
39.19
39.14
39.21
39.18
39.18
39.3
39.22
39.17
39.17
39.12
39.17
39.18
39.18
39.15
39.15
39.13
39.1
39.09
48.66
47.64
47.67
47.47
47.43
47.39
47.38
47.42
47.3
47.25
47.07
45.12
46.56
46.54
46.93
46.33
46.2
45.89
46.08
46.03
45.08
44.34
45.62
45.97
46.05
45.84
45.73
45.39
41.3
39.17
39.17
39.19
39.13
39.23
39.17
39.14
39.17
39.14
39.19
39.2
39.23
39.18
39.11
39.21
39.16
39.17
39.15
39.1
39.1
39.07
47.87
47.59
47.6
47.51
47.74
47.74
47.24
47.42
47.27
47.04
46.77
46.09
46.21
46.71
46.54
45.97
46.31
46.43
46.05
45.99
45.29
46.73
45.39
46.25
46.06
45.81
45.53
41.46
39.18
39.16
39.16
39.21
39.24
39.05
39.22
39.27
39.2
39.2
39.23
39.17
39.17
39.17
39.14
39.15
39.16
39.06
39.1
39.14
39.13
39.15
47.99
47.47
47.94
47.97
47.92
47.5
47.3
47.37
47.65
47.13
47.28
46.24
46.1
46.75
46.42
45.96
46.95
46.69
46.07
46.13
45.26
46.8
46.79
45.94
45.85
45.92
41.43
39.25
39.19
39.18
39.2
39.21
39.2
39.21
39.21
39.15
39.16
39.16
39.17
39.16
39.19
39.11
39.22
39.16
39.17
39.15
39.15
39.09
39.15
39.09
47.8
48.01
47.84
47.84
47.68
47.74
47.64
47.51
48.33
47.82
46.83
47.49
46.37
46.77
46.5
46.35
46.45
46.27
46.14
46.22
45.3
46.74
46.55
45.89
45.81
41.98
39.3
39.23
39.2
39.21
39.26
39.3
39.22
39.21
39.24
39.14
39.18
39.22
39.23
39.27
39.21
39.23
39.13
39.23
39.25
39.15
39.11
39.13
39.13
39.11
48.05
48.04
48.03
47.97
47.85
47.86
47.62
48.03
48.44
48.31
47.26
46.68
46.86
45.97
46.84
46.48
46.37
45.76
46.09
46.45
45.75
46.43
45.93
45.85
43.09
39.49
39.25
39.26
39.23
39.23
39.22
39.26
39.24
39.2
39.23
39.24
39.23
39.25
39.16
39.22
39.12
39.13
39.18
39.08
39.13
39.13
39.19
39.08
39.12
39.12
48.3
48.09
48.05
48.39
48.19
47.79
47.79
48.49
48.03
48.58
48.32
47.28
46.62
45.93
46.14
46.64
46.27
46.45
46.1
46.45
46.55
45.85
45.92
42.26
40.41
39.23
39.22
39.22
39.26
39.24
39.25
39.25
39.26
39.2
39.08
39.16
39.27
39.25
39.22
39.13
39.19
39.18
39.15
39.11
39.15
39.17
39.19
39.11
39.1
39.11
48.31
48.42
48.15
47.99
48.08
47.76
49.61
49.93
49.34
47.65
46.64
46.71
46.56
46.54
45.12
46.28
46.56
46.17
46.16
46.06
45.76
45.89
41.28
40.77
39.28
39.27
39.24
39.23
39.27
39.06
39.18
39.1
39.25
39.15
39.27
39.21
39.17
39.16
39.21
39.16
39.24
39.16
39.15
39.16
39.19
39.18
39.16
39.13
39.09
39.11
48.58
47.59
48.65
48.16
47.91
47.84
49.95
49.66
48.37
47.41
47.16
46.62
46.64
46.26
45.79
45.02
46.55
46.46
46.2
45.69
45.82
42.24
40.89
39.28
39.25
39.27
39.18
39.25
39.32
39.21
39.12
39.2
39.18
39.23
39.32
39.3
39.18
39.2
39.12
39.18
39.13
39.19
39.1
39.19
39.17
39.13
39.13
39.13
39.14
39.1
48.32
48.64
48.07
48.42
47.97
47.8
47.67
47.61
47.69
47.38
47.1
46.53
46.51
46.33
46.0
45.64
45.77
45.47
45.91
45.8
44.0
40.98
39.21
39.3
39.2
39.24
39.13
39.14
39.26
39.24
39.25
39.27
39.12
39.23
39.24
39.25
39.19
39.07
39.19
39.18
39.16
39.12
39.15
39.1
39.14
39.14
39.14
39.3
39.39
40.28
47.91
48.06
47.91
47.99
48.67
47.73
47.62
47.29
47.66
47.94
46.91
46.86
46.14
46.32
46.07
46.12
45.44
45.91
45.84
45.69
41.47
39.21
39.26
39.18
39.25
39.1
39.29
39.17
39.2
39.16
39.22
39.19
39.22
39.18
39.14
39.16
39.19
39.21
39.19
39.18
39.19
39.22
39.19
39.18
39.17
39.15
39.17
39.42
41.13
42.86
48.52
48.15
48.26
48.09
48.46
47.5
48.12
47.47
47.07
47.18
46.75
46.99
46.55
46.26
47.14
45.87
46.0
45.86
45.83
41.18
39.25
39.28
39.31
39.21
39.28
39.18
39.25
39.21
39.39
39.44
39.23
39.08
39.25
39.24
39.26
39.25
39.23
39.15
39.18
39.13
39.17
39.19
39.19
39.2
39.18
39.15
40.43
41.81
42.9
42.97
47.52
48.21
48.13
48.29
48.97
47.44
47.54
47.29
47.16
46.81
46.77
46.9
46.07
45.7
45.9
45.91
45.76
45.9
41.28
39.71
39.2
39.26
39.23
39.12
39.17
39.32
39.12
39.23
39.12
39.29
39.14
39.28
39.27
39.19
39.22
39.18
39.22
39.19
39.2
39.2
39.24
39.21
39.18
39.21
39.16
40.81
42.61
43.01
43.04
42.96
48.33
48.21
48.29
48.64
48.57
47.23
47.18
47.05
47.92
47.0
46.61
46.6
45.92
45.9
45.88
45.77
45.7
42.17
40.85
39.2
39.23
39.25
39.37
39.29
39.28
39.27
39.17
39.19
39.15
39.23
39.23
39.28
39.32
39.19
39.25
39.16
39.28
39.26
39.2
39.22
39.18
39.21
39.19
39.36
41.63
42.97
43.18
42.96
43.03
43.13
47.91
48.06
48.33
48.77
47.75
47.37
47.38
47.12
48.34
47.94
46.73
46.38
46.09
46.07
46.03
45.81
44.83
41.0
39.19
39.2
39.22
39.25
39.19
39.26
39.27
39.33
39.17
39.43
39.19
39.21
39.17
39.23
39.3
39.21
39.28
39.23
39.18
39.24
39.19
39.21
39.18
39.16
39.85
42.66
43.05
43.0
42.89
42.89
42.93
43.16
47.96
48.27
48.29
48.09
48.72
48.82
47.24
48.1
48.93
47.56
47.17
46.73
46.15
45.83
46.0
45.85
41.24
39.29
39.23
39.14
39.24
39.23
39.31
39.27
39.2
39.25
39.23
39.34
39.18
39.21
39.27
39.13
39.14
39.18
39.2
39.21
39.29
39.27
39.21
39.18
39.22
40.34
42.66
43.15
43.11
42.95
42.89
42.89
42.96
43.27
47.99
48.21
47.26
48.19
47.69
47.43
46.78
47.72
47.87
48.22
46.6
47.69
46.27
45.75
45.88
41.22
39.29
39.32
39.25
39.3
39.24
39.16
39.24
39.17
39.24
39.23
39.2
39.22
39.21
39.25
39.24
39.2
39.28
39.24
39.17
39.23
39.23
39.26
39.21
39.23
39.96
42.66
43.11
43.12
43.14
42.99
43.03
42.91
43.12
43.45
47.82
47.77
46.98
47.72
47.9
47.77
46.75
47.25
47.91
49.33
48.2
47.45
46.27
45.75
42.68
40.86
39.25
39.28
39.3
39.26
39.33
39.24
39.3
39.26
39.16
39.28
39.27
39.17
39.34
39.26
39.21
39.23
39.25
39.22
39.23
39.23
39.23
39.22
39.19
39.59
42.61
43.14
43.26
43.26
43.23
43.27
43.2
43.18
43.54
44.32
47.42
47.68
47.45
47.54
47.68
47.09
47.01
47.72
49.12
46.78
44.39
45.75
45.91
45.9
41.34
39.32
39.3
39.27
39.3
39.24
39.35
39.35
39.23
39.26
39.26
39.2
39.19
39.11
39.33
39.21
39.2
39.25
39.27
39.27
39.22
39.22
39.18
39.22
39.26
42.52
43.15
43.28
43.42
43.36
43.45
43.56
43.47
43.49
43.75
45.63
47.45
47.42
47.33
47.2
47.27
47.04
46.78
46.77
47.49
46.49
45.72
45.81
45.92
41.18
39.29
39.32
39.29
39.36
39.24
39.21
39.38
39.27
39.25
39.19
39.26
39.28
39.26
39.28
39.28
39.17
39.2
39.26
39.24
39.26
39.22
39.23
39.22
39.25
41.62
43.0
43.31
43.45
43.51
43.54
43.67
43.68
43.58
43.75
44.43
46.01
47.57
47.45
47.08
47.18
47.05
46.82
48.24
46.39
46.58
46.37
45.87
45.76
42.18
40.69
39.3
39.27
39.28
39.39
39.32
39.25
39.26
39.27
39.39
39.35
39.21
39.25
39.33
39.21
39.23
39.22
39.25
39.26
39.18
39.24
39.19
39.22
39.24
40.85
42.58
43.13
43.3
43.52
43.71
43.75
43.79
43.79
43.88
44.27
45.18
46.0
47.13
46.98
46.97
46.81
46.79
46.92
46.6
46.36
46.36
46.02
45.95
46.14
41.03
39.29
39.33
39.3
39.26
39.31
39.25
39.31
39.23
39.23
39.27
39.23
39.21
39.22
39.27
39.21
39.24
39.24
39.24
39.25
39.22
39.22
39.26
39.22
40.4
42.31
43.0
43.12
43.46
43.75
43.82
43.97
44.09
44.2
44.23
44.31
45.61
46.16
47.09
47.02
46.74
47.2
47.11
47.02
46.49
46.28
46.19
45.8
45.91
42.73
39.4
39.24
39.34
39.37
39.18
39.39
39.23
39.16
39.29
39.3
39.29
39.28
39.21
39.24
39.24
39.23
39.17
39.28
39.19
39.27
39.21
39.18
39.25
40.11
42.22
42.99
43.24
43.61
43.73
43.87
43.85
43.93
43.93
44.25
44.37
44.79
46.16
46.22
46.76
46.63
46.48
46.38
46.28
46.32
46.29
46.43
45.84
45.76
44.15
40.82
39.32
39.29
39.31
39.4
39.27
39.31
39.25
39.39
39.26
39.32
39.25
39.26
39.35
39.29
39.26
39.25
39.24
39.25
39.24
39.22
39.24
39.23
39.84
42.11
42.76
43.05
43.33
43.56
43.64
43.75
43.84
43.91
44.02
44.32
44.71
46.14
46.32
46.02
46.79
46.6
46.34
46.3
46.13
46.14
46.04
46.18
46.01
45.82
41.17
39.32
39.35
39.22
39.3
39.32
39.26
39.32
39.24
39.36
39.29
39.28
39.26
39.21
39.27
39.27
39.26
39.22
39.2
39.26
39.24
39.21
39.23
39.22
41.45
42.52
43.04
43.33
43.5
43.58
43.62
43.7
43.79
44.0
44.43
45.86
46.23
46.27
46.35
45.83
46.88
46.63
46.6
46.39
46.32
46.14
46.09
45.79
45.7
43.73
39.32
39.4
39.37
39.21
39.23
39.35
39.33
39.36
39.22
39.25
39.34
39.31
39.28
39.26
39.28
39.19
39.3
39.23
39.28
39.24
39.25
39.21
39.22
40.87
42.38
42.97
43.18
43.43
43.55
43.58
43.67
43.78
43.84
45.72
45.9
46.19
46.28
46.28
46.36
45.87
47.05
47.01
46.61
46.49
46.47
46.07
46.04
45.86
44.88
40.9
39.32
39.33
39.32
39.32
39.27
39.36
39.39
39.28
39.25
39.26
39.28
39.23
39.29
39.32
39.29
39.29
39.22
39.26
39.22
39.21
39.21
39.23
40.03
42.43
42.87
43.06
43.26
43.47
43.59
43.61
43.71
43.85
43.88
45.9
45.96
46.3
46.39
45.9
46.3
45.92
47.17
47.08
46.66
48.19
48.18
46.24
45.86
45.93
42.67
39.38
39.36
39.42
39.43
39.32
39.3
39.34
39.23
39.26
39.31
39.31
39.24
39.27
39.25
39.3
39.27
39.26
39.28
39.22
39.24
39.23
39.23
39.24
42.4
42.68
43.05
43.24
43.41
43.48
43.64
43.64
43.72
43.84
44.07
45.23
46.19
46.55
46.6
45.93
45.86
45.91
47.46
46.88
46.74
46.17
46.16
46.02
45.79
43.12
40.76
39.33
39.31
39.36
39.37
39.33
39.27
39.28
39.33
39.28
39.24
39.38
39.34
39.31
39.33
39.32
39.26
39.3
39.29
39.3
39.21
39.21
39.24
41.67
42.59
43.01
43.14
43.26
43.46
43.52
43.56
43.71
43.83
43.91
44.6
46.08
45.87
45.97
45.86
45.92
45.82
45.82
47.4
47.92
46.05
46.73
46.03
45.85
45.94
41.46
39.29
39.26
39.39
39.36
39.36
39.29
39.29
39.33
39.39
39.3
39.35
39.36
39.31
39.29
39.34
39.22
39.29
39.27
39.29
39.28
39.24
39.23
40.82
42.42
42.99
43.19
43.32
43.46
43.58
44.18
43.86
43.84
43.91
44.19
45.84
45.96
45.72
45.69
45.83
45.93
46.5
47.35
47.74
46.76
44.23
45.74
45.96
45.7
42.1
39.73
39.26
39.26
39.33
39.3
39.47
39.3
39.39
39.32
39.31
39.3
39.25
39.3
39.33
39.36
39.35
39.28
39.35
39.3
39.25
39.21
39.24
40.56
42.49
42.96
43.27
43.28
43.46
43.54
43.94
46.21
44.0
43.93
44.12
45.12
45.77
45.5
45.47
45.58
45.78
47.9
48.5
48.68
47.35
47.08
46.69
46.07
45.92
45.84
41.55
39.36
39.31
39.35
39.34
39.25
39.31
39.3
39.41
39.3
39.38
39.36
39.3
39.33
39.3
39.26
39.35
39.32
39.28
39.28
39.26
39.29
39.29
42.54
43.01
43.3
43.12
43.71
43.78
44.33
44.12
44.21
44.64
44.49
45.65
45.8
45.48
45.3
45.45
45.53
46.2
48.01
47.63
45.89
47.17
47.15
46.61
45.92
45.64
41.64
39.38
39.37
39.36
39.37
39.35
39.33
39.34
39.33
39.34
39.34
39.33
39.32
39.31
39.32
39.27
39.32
39.31
39.29
39.27
39.28
39.28
39.24
41.5
43.08
43.25
43.33
43.28
43.97
43.91
43.93
44.55
44.16
45.2
45.89
46.07
45.68
45.32
45.35
45.53
45.5
46.19
47.1
46.25
45.17
47.16
47.12
46.28
45.85
45.71
41.44
39.34
39.36
39.36
39.35
39.33
39.31
39.35
39.29
39.32
39.36
39.31
39.31
39.3
39.31
39.32
39.32
39.32
39.29
39.3
39.31
39.3
39.33
43.02
43.3
43.38
43.82
45.33
43.89
44.23
46.13
46.18
46.45
44.49
45.48
46.1
45.75
45.48
45.56
45.69
46.25
46.17
45.84
45.16
45.02
47.7
46.83
45.6
45.48
41.54
39.37
39.38
39.34
39.39
39.39
39.31
39.35
39.32
39.35
39.32
39.29
39.37
39.28
39.36
39.31
39.34
39.36
39.33
39.36
39.3
39.31
39.3
42.97
43.54
43.62
43.71
44.59
44.04
44.69
46.11
46.09
45.59
45.79
46.58
45.86
45.66
46.03
45.78
45.93
47.38
48.15
46.17
45.95
45.57
45.0
47.66
45.73
45.57
45.58
41.5
39.35
39.37
39.34
39.36
39.36
39.37
39.31
39.32
39.35
39.38
39.3
39.34
39.31
39.31
39.29
39.28
39.35
39.3
39.32
39.33
39.33
42.11
43.53
43.69
43.87
43.99
44.35
44.74
45.81
45.71
45.08
45.7
46.62
50.33
48.71
45.81
45.71
45.83
45.78
46.36
45.87
46.16
45.23
45.12
44.96
46.18
45.65
45.35
41.91
39.43
39.41
39.41
39.34
39.34
39.36
39.39
39.35
39.36
39.35
39.35
39.36
39.3
39.29
39.32
39.35
39.29
39.3
39.29
39.31
39.27
42.15
43.42
43.82
43.88
44.02
44.19
44.55
45.36
45.66
45.15
45.79
45.76
45.81
50.22
49.96
46.4
45.59
45.75
45.46
45.39
45.38
45.58
45.36
45.25
47.46
