# Number of x values
50
# Number of y values
25
# x values
-500.0
-480.0
-460.0
-440.0
-420.0
-400.0
-380.0
-360.0
-340.0
-320.0
-300.0
-280.0
-260.0
-240.0
-220.0
-200.0
-180.0
-160.0
-140.0
-120.0
-100.0
-80.0
-60.0
-40.0
-20.0
0.0
20.0
40.0
60.0
80.0
100.0
120.0
140.0
160.0
180.0
200.0
220.0
240.0
260.0
280.0
300.0
320.0
340.0
360.0
380.0
400.0
420.0
440.0
460.0
480.0
# y values
-500.0
-460.0
-420.0
-380.0
-340.0
-300.0
-260.0
-220.0
-180.0
-140.0
-100.0
-60.0
-20.0
20.0
60.0
100.0
140.0
180.0
220.0
260.0
300.0
340.0
380.0
420.0
460.0
# z values
49.46784
48.35695
47.57495
45.88456
43.08898
40.48877
38.15602
37.0
37.0
37.0
37.0
37.0
37.0
37.0
37.0
37.0
37.0
37.0
37.0
37.0
37.0
37.0
37.0
37.0
37.0
41.68108
47.52684
47.78767
48.01205
48.28384
49.42357
50.24194
50.86885
51.06768
51.92403
52.01787
51.80609
50.75226
49.70486
48.67989
47.98898
47.96042
47.92554
47.96297
48.0
48.47267
48.56144
47.61401
47.15303
46.60089
51.96937
52.23027
51.51382
50.17162
48.16325
44.89438
39.81661
37.0
37.0
37.0
37.0
37.0
37.0
37.0
37.0
37.0
37.0
37.0
37.0
37.0
37.0
37.0
37.0
37.0
37.0
37.0
37.0
42.43877
47.90286
49.27535
50.69335
49.63348
48.67407
48.66106
48.80148
48.7837
48.76593
48.52616
47.73039
47.44201
46.60487
46.03497
45.5452
46.16077
46.79038
47.7927
48.58834
48.30521
48.0
47.72511
55.03984
55.51877
54.23972
52.24182
49.82604
47.15805
44.73444
41.71437
38.67713
37.07189
37.03204
37.0
37.0
37.0
37.0
37.0
37.0
37.0
37.0
37.0
37.0
37.0
37.0
37.0
37.0
37.0
37.0
37.0
37.0
42.0431
47.71053
47.11026
46.54291
46.59361
47.55307
48.05977
48.45349
47.74377
46.43627
46.20413
45.16205
44.11997
43.36522
43.14411
43.10615
44.65644
46.15408
46.8488
47.25873
47.58827
55.99085
56.41496
55.58101
54.501
52.63844
50.18689
46.72842
43.36476
40.5945
38.57148
37.54716
37.0
37.0
37.0
37.0
37.0
37.0
37.0
37.0
37.0
37.0
37.0
37.0
37.0
37.0
37.0
37.0
37.0
37.0
38.10574
39.47283
42.22592
45.21233
46.01219
47.00779
47.1584
46.4479
45.35275
44.28429
44.09063
43.19378
43.07048
43.21467
44.17484
44.90319
45.27383
45.99994
46.35794
46.9646
46.96819
54.04995
53.92676
53.36471
52.77901
51.99663
50.08247
46.85284
43.35916
40.70756
38.62796
37.60363
37.0
37.0
37.0
37.0
37.0
37.0
37.0
37.0
37.0
37.0
37.0
37.0
37.0
37.0
37.0
37.0
37.0
37.0
37.0
37.0
39.64674
43.42137
43.79954
45.05472
45.09911
45.20398
44.20805
43.14019
42.96541
42.75121
43.77092
44.91286
45.71766
46.48293
46.62683
46.92572
46.07989
45.44669
45.99796
51.38743
50.51808
49.44018
48.53186
48.28439
46.98827
44.85605
43.12699
42.83503
41.81681
38.91119
37.0
37.0
37.0
37.0
37.0
37.0
37.0
37.0
37.0
37.0
37.0
37.0
37.0
37.0
37.0
37.0
37.0
37.0
37.0
37.0
37.0
37.0
39.31295
42.38724
44.32729
46.92766
45.57601
43.5231
41.98099
40.10673
41.14276
42.50992
43.0732
43.89469
43.96852
44.41184
44.44501
44.72327
45.10366
49.02322
48.01674
47.00148
45.90016
45.0343
44.48226
44.74493
45.20857
45.74531
45.51989
42.66261
39.89529
38.29703
37.0
37.0
37.0
37.0
37.0
37.0
37.0
37.0
37.0
37.0
37.0
37.0
37.0
37.0
37.0
37.0
37.0
37.0
37.0
37.0
37.0
37.0
38.39641
39.82969
41.29214
42.94054
41.02121
38.22733
38.42084
38.72994
41.40166
43.94089
44.98169
46.64684
46.71849
46.64415
45.71764
50.36798
50.12079
49.53329
48.46565
48.58429
48.89179
50.05691
51.90329
55.03573
57.4309
56.49052
53.33358
44.14053
37.0
37.0
37.0
37.0
37.0
37.0
37.0
37.0
37.0
37.0
37.0
37.0
37.0
37.0
37.0
37.0
37.0
37.0
37.0
37.0
37.0
37.0
37.0
37.0
41.34889
46.2162
44.1171
41.65974
41.70107
40.85982
43.72298
47.18809
48.05413
48.52526
47.13669
44.8477
42.72801
51.60387
52.62062
53.35765
54.82019
54.1268
52.49414
52.72083
52.38626
54.1164
56.24581
56.9626
55.4787
45.01804
37.0
37.0
37.0
37.0
37.0
37.0
37.0
37.0
37.0
37.0
37.0
37.0
37.0
37.0
37.0
37.0
37.0
37.0
37.0
37.0
37.0
37.0
37.0
37.0
37.0
37.0
42.26139
48.73562
49.02839
48.05001
47.18686
46.26101
45.24979
43.63373
41.92504
39.8809
38.83766
52.81596
54.7202
54.9798
55.00074
54.03219
53.00783
51.9678
50.07057
50.14213
50.90327
51.12813
52.00358
50.83434
48.05513
41.88545
37.0
37.0
37.0
37.0
37.0
37.0
37.0
37.0
37.0
37.0
37.0
37.0
37.0
37.0
37.0
37.0
37.0
37.0
37.0
37.0
37.0
37.0
37.0
37.0
41.92389
48.91514
48.54301
46.79265
45.39409
43.38583
41.31933
38.49487
38.20197
37.26388
38.9232
56.56867
55.46107
55.03786
54.73988
53.77758
52.73536
51.69314
50.65092
50.61206
50.03313
51.11501
52.95383
52.38606
50.9799
43.74238
37.0
37.0
37.0
37.0
37.0
37.0
37.0
37.0
37.0
37.0
37.0
37.0
37.0
37.0
37.0
37.0
37.0
37.0
37.0
37.0
37.0
37.0
37.0
37.0
37.30053
37.55029
40.49626
45.20161
45.11696
44.16764
41.35367
38.20245
38.14683
38.37401
41.48087
58.35592
56.86796
55.76354
54.26926
53.14525
51.57308
51.03464
50.07211
50.0
50.0
51.00205
53.01855
53.79778
54.68369
53.79917
52.846
44.68485
37.0
37.0
37.0
37.0
37.0
37.0
37.0
37.0
37.0
37.0
37.0
37.0
37.0
37.0
37.0
37.0
37.0
37.0
37.0
37.0
37.0
37.0
37.0
37.0
37.0
37.0
39.8214
43.24614
42.52163
40.69122
41.73144
43.07666
45.68785
56.39565
56.19661
56.03416
55.13447
53.38324
51.35478
51.0
51.78932
51.94152
52.88687
52.98068
51.98176
51.91577
52.88011
52.88654
53.67583
51.50053
48.06107
42.03385
37.0
37.0
37.0
37.0
37.0
37.0
37.0
37.0
37.0
37.0
37.0
37.0
37.0
37.0
37.0
37.0
37.0
37.0
37.0
37.0
37.0
37.0
37.0
37.0
37.0
37.0
40.69541
46.00225
46.4312
45.17546
46.16439
54.04343
54.48146
54.68447
54.05743
53.20833
52.39581
52.22918
52.04573
51.16073
50.13634
50.0
50.0
50.315
51.31531
51.37189
52.36964
50.31827
47.6817
44.87059
42.23436
39.49363
37.0
37.0
37.0
37.0
37.0
37.0
37.0
37.0
37.0
37.0
37.0
37.0
37.0
37.0
37.0
37.0
37.0
37.0
37.0
37.0
37.0
37.0
37.0
37.0
39.33988
43.27381
42.61521
40.48626
40.86779
54.41244
53.38804
53.0
53.0
53.0
53.0
53.0
53.0624
52.77276
52.85452
52.47883
51.92574
52.21647
52.61468
52.66601
52.33323
51.71479
50.43897
50.49437
50.91941
43.97527
37.0
37.0
37.0
37.0
37.0
37.0
37.0
37.0
37.0
37.0
37.0
37.0
37.0
37.0
37.0
37.0
37.0
37.0
37.0
37.0
37.0
37.0
37.0
37.0
37.0
37.0
37.0
37.75909
38.78351
53.42562
53.12087
53.0
52.53847
52.2183
52.20044
52.73634
54.28809
55.47268
56.49256
56.00248
54.2889
53.92446
53.14292
53.0
52.98022
52.99578
52.98714
52.96858
52.95076
51.89452
49.67189
43.97635
38.14916
37.61065
37.0
37.0
37.0
37.0
37.0
37.0
37.0
37.0
37.0
37.0
37.0
37.0
37.0
37.0
37.0
37.0
37.0
37.0
37.0
37.0
37.0
37.0
37.0
37.70291
38.72733
51.47443
52.49885
53.0
52.51581
52.15163
52.13146
52.6632
54.20721
55.42395
56.24949
55.7327
54.0609
53.7306
53.95079
54.0
53.1593
52.74921
51.80274
51.67446
51.33445
50.66259
49.39485
48.78194
47.72363
44.82903
41.76119
39.50105
37.0
37.0
37.0
37.0
37.0
37.0
37.0
37.0
37.0
37.0
37.0
37.0
37.0
37.0
37.0
37.0
37.0
37.0
37.0
37.0
37.0
37.09118
37.7944
50.99465
51.80958
52.48755
53.13906
53.43935
52.68445
52.18873
52.74187
53.11734
52.78885
51.90685
50.82891
51.17291
52.14383
52.35494
51.96123
51.49558
51.06645
51.0
50.11803
50.0
50.0
50.0
49.71464
49.72241
48.58035
42.68214
37.0
37.0
37.0
37.0
37.0
37.0
37.0
37.0
37.0
37.0
37.0
37.0
37.0
37.0
37.0
37.0
37.0
37.0
37.0
37.0
37.0
37.0
37.0
50.5926
50.52525
50.52412
51.14222
51.21289
50.15275
49.60051
50.09713
50.11966
49.15895
48.54801
47.79201
48.04089
49.02966
49.31507
49.90553
50.12188
50.10405
50.08623
50.01193
50.0
50.84576
50.98503
51.92068
51.97936
51.02676
44.41611
38.02576
37.61367
37.0
37.0
37.0
37.0
37.0
37.0
37.0
37.0
37.0
37.0
37.0
37.0
37.0
37.0
37.0
37.0
37.0
37.0
37.0
37.0
37.0
53.66014
53.38456
52.76731
52.48799
51.55567
50.54908
49.99386
50.48808
50.51453
49.54758
49.13048
48.59258
48.14148
48.59338
48.86342
48.94925
49.11984
49.9103
50.20788
50.82124
51.0
50.78622
50.48568
50.14866
50.33628
50.63943
50.97907
51.35517
46.75259
42.21591
39.83859
37.0
37.0
37.0
37.0
37.0
37.0
37.0
37.0
37.0
37.0
37.0
37.0
37.0
37.0
37.0
37.0
37.0
37.0
37.0
54.93267
53.87192
53.0
52.75386
52.25227
52.27012
52.28797
51.88653
51.32367
51.34151
51.35935
50.8601
49.85349
48.84687
48.4307
48.78763
49.34119
49.53683
49.494
49.81102
49.92473
49.55052
48.64067
47.11933
47.61722
48.60606
49.02527
49.92149
49.66134
48.647
43.381
37.0
37.0
37.0
37.0
37.0
37.0
37.0
37.0
37.0
37.0
37.0
37.0
37.0
37.0
37.0
37.0
37.0
37.0
37.0
56.28335
55.16719
54.02132
54.05704
54.09276
53.95137
53.58209
53.4548
53.23556
53.00957
52.65347
52.2107
51.53836
50.90443
50.06258
48.91319
47.79625
46.83605
46.40777
47.02842
47.3365
47.30087
47.16847
46.94165
47.68159
48.72386
48.9386
48.17871
48.0258
47.1071
45.16737
43.18167
40.25738
37.25629
37.1581
37.0
37.0
37.0
37.0
37.0
37.0
37.0
37.0
37.0
37.0
37.0
37.0
37.0
37.0
37.0
56.96882
56.75293
56.46152
55.6512
55.0
54.96355
54.8762
54.89405
54.9119
54.57455
53.94758
53.5613
52.56184
51.54585
50.03506
47.99602
47.0
46.44907
46.57539
47.59986
48.0
48.09322
48.1615
48.87705
49.91932
50.9616
50.46157
49.4549
48.66827
47.72766
47.60781
47.32475
46.14524
44.66307
42.09135
39.38093
38.21227
37.0
37.0
37.0
37.0
37.0
37.0
37.0
37.0
37.0
37.0
37.0
37.0
37.0
55.86873
55.65402
54.70334
54.53337
53.8654
54.01772
54.65938
54.37394
53.58798
53.48543
53.02986
52.22352
51.45373
50.60341
49.71075
48.58722
47.6974
47.60104
47.85689
48.31283
48.41998
49.03019
49.45561
49.81114
50.33875
50.47849
50.08128
49.17146
48.87513
48.50867
48.88799
50.35272
50.6336
51.53753
48.63604
45.27586
42.91167
39.93781
38.46789
37.0
37.0
37.0
37.0
37.0
37.0
37.0
37.0
37.0
37.0
37.0
52.91414
52.22077
51.607
51.64529
52.14257
52.04244
51.60673
51.45314
50.99976
50.84733
50.46419
50.44635
50.42851
50.07056
49.39284
49.2291
49.26584
50.09869
50.67846
50.54837
50.4282
50.60752
50.32953
49.55102
48.73603
47.75977
47.35809
46.63959
46.2869
46.89122
47.86422
48.94125
49.14456
49.93882
49.15638
47.22576
46.09451
45.10306
45.10154
46.13325
42.48361
37.95338
37.60097
37.0
37.0
37.0
37.0
37.0
37.0
37.0
