# Number of x values
50
# x values
5.646999e6
5.646979e6
5.646959e6
5.646939e6
5.646919e6
5.646899e6
5.646879e6
5.646859e6
5.646839e6
5.646819e6
5.646799e6
5.646779e6
5.646759e6
5.646739e6
5.646719e6
5.646699e6
5.646679e6
5.646659e6
5.646639e6
5.646619e6
5.646599e6
5.646579e6
5.646559e6
5.646539e6
5.646519e6
5.646499e6
5.646479e6
5.646459e6
5.646439e6
5.646419e6
5.646399e6
5.646379e6
5.646359e6
5.646339e6
5.646319e6
5.646299e6
5.646279e6
5.646259e6
5.646239e6
5.646219e6
5.646199e6
5.646179e6
5.646159e6
5.646139e6
5.646119e6
5.646099e6
5.646079e6
5.646059e6
5.646039e6
5.646019e6
# y values
45.7
46.39
46.57
46.61
46.66
46.85
46.8
47.2
47.53
47.65
47.27
47.19
47.52
47.3
47.38
47.8
47.61
47.75
47.85
47.88
47.78
47.81
47.82
47.68
47.52
47.42
47.28
47.54
48.84
47.46
47.76
47.11
47.1
46.77
46.89
47.1
46.32
46.17
46.15
46.08
46.24
46.07
45.84
45.73
45.87
42.06
41.55
39.47
39.32
39.37
